-1.59492935848862470508e-01    3.11001030377963078889e-01
-4.78646337594496098242e-01    2.53961542664759097647e-01
-7.98304627778562231224e-01    1.69204471945641106716e-01
-1.11881215240215656334e+00    9.18222970792851793213e-02
-1.44052522013756518647e+00    4.04796769846038489857e-02
-1.76381757989530000620e+00    1.44449615749810994174e-02
-2.08908666094427643593e+00    4.15300491197755245160e-03
-2.41676090487321645894e+00    9.56392319819415276727e-04
-2.74730862482238321958e+00    1.75150431801172828783e-04
-3.08124898864510584967e+00    2.52859902774848890262e-05
-3.41916596936388461126e+00    2.84725869173484808304e-06
-3.76172649022835778754e+00    2.46865899366975047785e-07
-4.10970460356059023648e+00    1.62251413589576983694e-08
-4.46401454693445890387e+00    7.93046749516538231080e-10
-4.82575722813320948405e+00    2.81529653783816910885e-11
-5.19628771879236454109e+00    7.04693258154588908422e-13
-5.57731698122372862624e+00    1.19758986547917935294e-14
-5.97107222501354540766e+00    1.31515962265840851188e-16
-6.38056409618641062406e+00    8.73015960118667654513e-19
-6.81006457807414138659e+00    3.18838732350513844266e-21
-7.26604655416435040284e+00    5.56457746890228483629e-24
-7.75929551976577463936e+00    3.68503608015066987942e-27
-8.31075219070478413055e+00    5.98461269331387842586e-31
-8.97531508193168706209e+00    7.93555146077399683864e-36
1.59492935848862470508e-01    3.11001030377963078889e-01
4.78646337594496098242e-01    2.53961542664759097647e-01
7.98304627778562231224e-01    1.69204471945641106716e-01
1.11881215240215656334e+00    9.18222970792851793213e-02
1.44052522013756518647e+00    4.04796769846038489857e-02
1.76381757989530000620e+00    1.44449615749810994174e-02
2.08908666094427643593e+00    4.15300491197755245160e-03
2.41676090487321645894e+00    9.56392319819415276727e-04
2.74730862482238321958e+00    1.75150431801172828783e-04
3.08124898864510584967e+00    2.52859902774848890262e-05
3.41916596936388461126e+00    2.84725869173484808304e-06
3.76172649022835778754e+00    2.46865899366975047785e-07
4.10970460356059023648e+00    1.62251413589576983694e-08
4.46401454693445890387e+00    7.93046749516538231080e-10
4.82575722813320948405e+00    2.81529653783816910885e-11
5.19628771879236454109e+00    7.04693258154588908422e-13
5.57731698122372862624e+00    1.19758986547917935294e-14
5.97107222501354540766e+00    1.31515962265840851188e-16
6.38056409618641062406e+00    8.73015960118667654513e-19
6.81006457807414138659e+00    3.18838732350513844266e-21
7.26604655416435040284e+00    5.56457746890228483629e-24
7.75929551976577463936e+00    3.68503608015066987942e-27
8.31075219070478413055e+00    5.98461269331387842586e-31
8.97531508193168706209e+00    7.93555146077399683864e-36

