-2.24414547472515585146e-01    4.26931163868699249653e-01
-6.74171107037212235982e-01    2.86179535346443017908e-01
-1.12676081761124507216e+00    1.27739621784559160653e-01
-1.58425001096169414854e+00    3.74454705032307460144e-02
-2.04900357366169891173e+00    7.04835581007267097009e-03
-2.52388101701142697421e+00    8.23692482688417457913e-04
-3.01254613756556482562e+00    5.68869163640437976911e-05
-3.52000681303452471124e+00    2.15824570490233363221e-06
-4.05366440244814950399e+00    4.01897117494142968461e-08
-4.62566275642378726485e+00    3.04625426998756390390e-10
-5.25938292766804436733e+00    6.58462024307817006444e-13
-6.01592556142573971732e+00    1.66436849648910887378e-16
2.24414547472515585146e-01    4.26931163868699249653e-01
6.74171107037212235982e-01    2.86179535346443017908e-01
1.12676081761124507216e+00    1.27739621784559160653e-01
1.58425001096169414854e+00    3.74454705032307460144e-02
2.04900357366169891173e+00    7.04835581007267097009e-03
2.52388101701142697421e+00    8.23692482688417457913e-04
3.01254613756556482562e+00    5.68869163640437976911e-05
3.52000681303452471124e+00    2.15824570490233363221e-06
4.05366440244814950399e+00    4.01897117494142968461e-08
4.62566275642378726485e+00    3.04625426998756390390e-10
5.25938292766804436733e+00    6.58462024307817006444e-13
6.01592556142573971732e+00    1.66436849648910887378e-16